4294967279,58
4294967279,57
4294967279,56
4294967279,55
4294967279,54
4294967279,53
4294967279,52
4294967279,51
4294967279,50
4294967279,49
4294967279,48
4294967279,47
4294967279,46
4294967279,45
4294967279,44
4294967279,43
4294967279,42
4294967279,41
4294967279,97
4294967279,96
4294967279,95
4294967279,94
4294967279,93
4294967279,92
4294967279,91
4294967279,90
4294967279,89
4294967279,87
4294967279,86
4294967279,85
4294967279,84
4294967279,83
4294967279,82
4294967279,81
4294967279,80
4294967279,79
4294967279,78
4294967279,77
4294967279,76
4294967279,75
4294967279,74
4294967279,73
4294967279,72
4294967279,71
4294967279,70
4294967279,69
4294967279,68
4294967279,67
4294967279,66
4294967279,65
4294967279,64
4294967279,63
4294967279,62
4294967279,61
4294967279,60
4294967279,59
4294967278,280
4294967278,260
4294967278,36
4294967278,35
4294967278,34
4294967278,33
4294967278,32
4294967278,30
4294967278,29
4294967278,289
4294967278,27
4294967278,26
4294967278,25
4294967278,276
4294967278,24
4294967278,275
4294967278,23
4294967278,286
4294967278,22
4294967278,274
4294967278,21
4294967278,20
4294967278,19
4294967278,285
4294967278,18
4294967278,17
4294967278,16
4294967278,15
4294967278,14
4294967278,13
4294967278,12
4294967278,11
4294967278,10
4294967278,9
4294967278,8
4294967278,4
4294967279,132
4294967279,258
4294967279,130
4294967279,128
4294967279,260
4294967279,123
4294967279,251
4294967279,121
4294967279,247
4294967279,119
4294967279,245
4294967279,118
4294967279,243
4294967279,117
4294967279,241
4294967279,116
4294967279,239
4294967279,115
4294967279,114
4294967279,236
4294967279,113
4294967279,234
4294967279,112
4294967279,232
4294967279,111
4294967279,230
4294967279,110
4294967279,228
4294967279,109
4294967279,226
4294967279,108
4294967279,107
4294967279,222
4294967279,106
4294967279,105
4294967279,218
4294967279,104
4294967279,103
4294967279,102
4294967279,101
4294967279,100
4294967279,99
4294967279,98
4294967279,29
4294967279,27
4294967279,25
4294967279,23
4294967279,22
4294967279,21
4294967279,20
4294967279,13
4294967279,12
4294967279,10
4294967278,7
4294967278,6
4294967278,258
4294967279,259
4294967278,5
4294967278,288
4294967279,279
4294967278,256
4294967279,131
4294967279,434
4294967279,127
61,6
4294967279,433
4294967279,129
61,5
61,4
61,3
61,2
61,1
4294967279,257
4294967279,126
4294967279,125
4294967279,124
4294967279,255
4294967279,254
4294967278,249
4294967279,122
4294967279,252
4294967279,253
4294967278,248
4294967279,250
4294967278,247
4294967279,120
4294967279,249
4294967279,246
4294967278,239
4294967278,243
4294967279,244
4294967278,241
4294967279,242
4294967278,238
4294967279,238
4294967278,237
4294967278,235
4294967278,233
58,4
58,3
58,2
58,1
4294967278,231
4294967278,381
4294967278,224
4294967278,220
4294967278,214
57,6
57,5
57,4
57,3
57,2
57,1
4294967294,219
4294967279,432
4294967278,380
4294967278,207
4294967279,431
4294967278,206
4294967278,205
4294967278,201
4294967278,203
4294967278,202
4294967278,379
4294967278,200
4294967278,199
4294967278,378
4294967278,198
4294967278,377
4294967279,430
4294967279,429
4294967278,195
4294967278,194
4294967278,193
4294967278,192
4294967278,190
54,5
4294967278,189
54,4
54,3
54,2
54,1
4294967279,428
4294967278,188
4294967278,186
4294967279,427
4294967278,185
4294967294,245
4294967294,395
4294967294,179
4294967294,411
4294967294,466
4294967294,462
4294967294,169
4294967279,426
4294967278,376
4294967278,375
4294967278,180
4294967294,162
4294967294,213
4294967294,157
4294967278,179
4294967278,178
4294967278,173
4294967278,176
52,5
52,4
4294967278,175
52,3
52,2
52,1
4294967278,374
4294967278,172
4294967278,171
4294967278,373
4294967294,474
4294967278,170
4294967278,372
4294967279,425
4294967279,424
4294967278,167
4294967278,166
4294967294,38
4294967294,36
4294967294,39
4294967278,165
4294967278,164
4294967278,162
50,5
4294967278,161
50,4
50,3
50,2
50,1
4294967278,160
4294967278,158
4294967278,157
4294967294,437
4294967278,156
4294967294,115
4294967278,154
4294967278,155
4294967278,293
4294967278,292
48,5
4294967278,153
48,4
4294967278,152
48,3
48,2
48,1
4294967278,291
4294967278,151
4294967278,150
47,4
47,3
47,2
47,1
4294967278,149
4294967294,264
4294967278,147
46,5
4294967278,145
46,4
4294967279,145
46,3
46,2
46,1
4294967279,294
4294967278,144
4294967294,387
4294967279,144
4294967278,31
4294967278,290
4294967279,143
4294967278,28
4294967278,142
4294967279,142
45,4
4294967278,141
45,3
45,2
45,1
4294967279,141
4294967279,140
44,4
4294967279,139
44,3
44,2
44,1
4294967279,138
4294967279,276
4294967279,293
43,6
4294967294,393
4294967294,392
4294967279,292
43,5
4294967279,273
43,4
43,3
43,2
43,1
4294967279,272
4294967294,120
4294967279,271
42,4
4294967279,270
42,3
42,2
42,1
4294967279,269
4294967279,291
4294967294,396
4294967294,200
4294967294,409
4294967294,413
4294967294,250
4294967294,385
4294967294,178
4294967294,384
4294967294,588
4294967294,168
4294967294,160
4294967294,456
4294967294,397
4294967294,460
4294967294,414
4294967279,267
4294967279,15
4294967279,268
4294967279,287
4294967279,286
41,5
4294967279,11
4294967279,285
41,4
4294967279,266
41,3
41,2
41,1
4294967279,284
4294967279,265
4294967294,41
4294967294,127
